center_x = 73.6025098
center_y = -6.034084967
center_z = 23.58526797
size_x = 30.0
size_y = 40.0
size_z = 70.0

num_modes = 10

exhaustiveness = 200
cpu = 60